1000
44401.93 47196.87
-61004.79 49210.05
33431.91 40152.37
55688.17 48550.97
23721.52 73150.08
24619.40 30177.28
-52649.67 97662.84
-2554.57 701.12
36084.42 -85902.33
4909.09 -65079.34
-601.93 -13877.28
98197.23 77225.46
78427.97 77820.05
-30442.51 92298.10
-6105.35 34001.80
13877.93 65148.26
28938.60 -99604.53
57039.54 71103.52
-69724.05 -52786.11
-75729.59 -15381.99
-17351.43 10822.31
-42654.74 35903.30
24923.80 -49130.02
46292.46 -1180.33
-2792.61 84560.55
-69574.78 72695.67
-94082.48 -90983.59
-15736.93 53405.20
-10003.69 -36608.70
-46364.44 -48120.45
-8495.57 74072.71
91471.10 66151.61
-43925.84 -68311.85
85102.73 -70972.77
94531.95 -16495.05
19126.55 98688.64
-38986.36 8139.83
-90189.18 -76786.95
82778.90 -56660.05
36782.81 59520.87
-96492.95 -62841.29
21347.36 -41841.81
-30930.91 -83553.39
-77424.38 -88798.10
39690.90 -54344.94
84626.28 -96790.72
-94754.40 68080.59
42132.51 84401.22
-85540.65 68552.41
-76460.82 -90823.46
10529.36 -87991.00
61764.45 37736.77
54606.33 -59635.58
82369.43 98314.86
-22518.89 -52397.91
-25441.04 44629.71
-55543.01 349.33
20935.96 38239.12
-32268.98 81599.20
-42748.10 -62930.10
26718.95 65202.89
-79183.34 -93677.28
34835.53 -12173.40
21262.98 91064.10
-50395.44 -14053.40
3634.06 34136.39
-6933.62 73965.00
73037.80 -328.69
15845.46 24612.75
92268.67 -89258.24
88632.17 96535.08
56847.01 -53087.38
-19959.02 61523.62
81998.52 -80837.63
23777.82 93589.52
-82548.84 -30524.22
-12147.45 -24592.87
30945.65 82112.37
34402.96 -10829.68
-9452.67 73017.39
-46123.83 -73713.30
-72156.25 -98928.98
28285.29 -35589.38
-94328.25 -44001.44
34595.72 15028.52
50023.59 -12951.01
53690.63 87230.44
-30759.75 86372.65
68639.89 93624.33
-14354.23 1900.24
-12903.86 -54103.81
84666.18 75076.47
-71364.02 -43266.34
61593.03 55790.93
-96050.83 -58716.10
-37996.56 95159.15
57274.09 -42295.63
92067.62 -60555.10
-72171.12 58506.72
71319.80 6515.82
44765.59 61235.82
42821.28 9042.80
41073.61 -39362.67
-97986.26 63575.86
-54300.09 70044.36
-7921.06 -12840.06
-16118.14 -74423.75
4545.71 6928.34
-69625.80 44335.94
61599.63 -5114.32
-30909.57 81687.49
11562.58 -30249.65
18990.66 -29413.75
-10049.02 -11725.05
96278.24 -11356.92
-37848.08 -33963.78
56686.48 -69926.23
-75043.37 36540.40
61539.93 56988.53
-14029.65 -29991.02
-46817.98 -32193.26
23408.46 -50098.58
28218.50 3261.43
-56751.72 -55272.21
-67097.33 -31069.78
-36481.31 41764.09
-50918.34 97065.84
-37819.01 32788.23
-80249.31 -87605.45
99219.31 92913.93
11871.71 -27674.69
-33026.04 83144.84
15273.14 90612.34
-84700.60 74661.26
17854.34 47007.75
47817.91 -44531.62
-80207.29 59025.80
78503.73 83386.47
-3063.19 -76064.20
88327.20 17082.93
93138.32 10952.00
-77901.43 40690.74
13121.36 -70133.73
36482.70 -72589.19
54932.81 -39231.18
50043.72 21365.22
-79494.83 -9156.89
-18121.75 -9013.96
83965.26 -37550.45
-98207.49 -14350.40
-7266.84 -61101.83
-14922.34 52480.16
91995.92 -9350.42
-20125.72 12759.00
67755.66 98494.56
-5853.16 -94183.45
19411.88 67993.84
9796.62 59415.44
-75062.17 10677.73
-21066.40 94332.65
-71527.91 -65090.98
-24562.28 128.67
43013.50 18719.73
15425.53 -9917.90
54450.46 27289.74
-47018.42 45228.17
75071.01 -38887.82
60523.97 -42248.36
15806.27 -47516.47
-47417.91 -21843.35
-79295.87 -3915.84
-28169.93 32300.36
-18418.64 35524.33
-30675.58 5292.63
-24343.46 16391.30
-52453.24 69311.95
47543.84 45239.83
-56314.82 -30422.10
-4266.65 3942.65
-11641.95 -36816.94
-17831.63 -96196.73
-63424.30 43483.23
24448.90 20902.39
16155.25 70653.96
69363.53 33495.46
-64814.79 -12646.41
2824.93 -62776.38
-76262.89 25820.49
-3073.14 888.31
-76775.91 35931.97
4948.86 54141.75
75119.00 87648.82
18028.69 81356.22
-27200.45 58868.68
-75652.91 98975.57
27843.96 22147.79
-52403.96 85767.36
-54960.52 30280.85
73923.53 38653.99
-93303.81 88736.05
-53711.70 66401.70
-77287.39 37934.62
-43841.06 -12292.88
-77524.54 -26025.83
91826.56 -49411.62
-59523.95 64380.28
10461.99 -28969.50
-1.28 95714.77
40758.96 -61749.78
-72985.67 -19621.38
51008.14 42551.63
-43747.04 -13143.61
43314.63 43488.20
28216.37 5214.37
-28902.12 57998.18
-47368.83 60269.75
-10180.98 60534.50
41670.27 -90999.56
-90988.83 53287.86
34441.23 -44902.24
39214.04 90847.67
-39862.09 58834.64
45530.11 89629.76
66384.98 69513.59
-91453.75 -19180.98
-4695.17 43678.19
-65252.65 -7752.17
74463.16 -3846.21
86857.25 -11495.67
-67016.83 52083.21
-42527.04 31707.00
-87231.00 -6173.73
77730.15 -77009.23
57078.57 22404.28
-69502.19 75143.10
87891.58 -47274.05
71816.78 81453.79
-27985.39 36886.80
-94833.16 69267.90
94157.79 -59726.67
3990.26 -53345.78
51941.13 89032.83
-54839.16 -92159.20
-60300.74 -49175.44
-40661.82 1571.24
-50064.20 17902.84
-13919.10 -16630.67
76338.80 -75116.17
-41968.37 -31938.00
11540.84 73519.69
-51625.36 26120.56
85548.56 52082.23
71175.91 82884.10
-45640.17 54298.79
-99661.11 -6903.87
18239.72 27069.59
-1931.16 87112.45
-927.70 40436.45
49378.94 -14556.28
37901.86 88599.05
69863.19 23927.28
-32893.59 36446.07
77399.26 44848.18
-25382.72 -60533.42
-64550.39 -85054.60
96343.26 -68460.39
30146.60 7765.95
-38265.97 18600.66
-67552.71 -83287.80
68608.74 88309.80
20521.05 -19063.59
97488.70 76480.10
-50490.57 46667.16
-8658.10 -21823.88
12316.46 42424.56
50628.17 -8809.25
45721.28 11840.76
30711.60 -3684.47
-86453.42 69519.24
-87912.89 54814.75
8688.41 73736.37
54585.94 -90693.30
-72541.26 -51868.16
-15964.01 -41521.19
4983.74 39295.68
11141.79 -84525.66
-15467.69 27910.56
-6877.90 9270.49
-95058.45 -19458.38
42534.68 30928.00
-89795.82 -46894.48
16483.87 -76635.14
-51642.51 -45561.72
-87067.97 53547.46
-29240.84 -78709.43
17126.69 57086.11
-41526.27 19702.19
16345.30 -97325.06
-16231.74 367.74
99506.07 -38738.02
-91301.39 28745.09
22079.97 84031.64
79653.33 -31149.32
16672.04 74111.31
99830.67 10623.31
-85745.40 -12615.46
57401.58 35243.75
87086.21 4038.18
-84872.87 54814.42
-13276.88 88746.69
90149.16 -60596.27
-87768.98 -3911.41
86377.10 55836.92
65867.61 99402.39
-94702.09 -57908.55
-74611.73 24458.72
26210.49 85174.23
51111.21 80806.22
89025.08 68490.83
47471.99 -91673.65
60193.34 -80340.58
-13365.99 -72587.02
46490.85 87293.32
-22441.55 -90589.82
-73168.88 -25577.46
-92342.81 8752.95
-13256.10 79015.99
-96236.03 37044.23
-95578.38 -36302.43
40793.93 -42424.68
95270.63 75541.63
84379.00 -39812.47
-29230.70 44231.58
-19651.98 -7360.16
7328.83 -62560.12
19674.56 5672.18
-94906.57 -16266.31
11074.16 -27255.06
1652.11 -23551.55
11555.44 8125.39
1032.68 40746.96
2796.68 -7161.71
-3193.62 27563.88
-8758.32 -30615.69
75468.91 -57478.41
63416.15 -46436.49
51425.37 -71488.37
-15581.71 -16145.15
-70036.46 3913.11
4216.41 -37645.41
44747.31 73935.70
78800.59 91148.91
-50080.15 43024.42
45016.94 57197.47
-54680.04 77467.93
60820.56 28466.96
-88844.79 -81743.73
66598.71 -16564.06
-36562.88 -3092.07
-3852.73 72575.80
-95612.69 36625.52
-96035.63 -493.19
-73185.72 56064.62
-56987.62 84864.28
-14791.21 64656.22
66376.08 -60752.70
19207.09 -68619.46
-92180.52 -97157.70
-89554.75 -89156.16
68747.80 16425.21
-21878.85 62280.85
79273.82 -42418.44
-68638.55 42638.02
63850.91 -78599.74
-39542.79 91258.78
-89723.21 38979.03
80001.35 -48915.11
75925.49 30332.98
-46119.02 43029.88
-43912.60 79357.06
-92982.45 82715.04
53671.81 24115.18
36902.33 11657.68
-77239.26 80796.94
7666.22 20958.62
-15769.95 97203.82
-27906.37 -59626.41
-68368.75 72735.44
-92786.13 -81685.49
39638.40 25798.01
-45427.38 -49115.66
-36383.57 53736.55
-32177.52 -44304.54
-36606.93 60306.77
31820.30 7280.41
11374.43 44983.80
-73949.82 -63183.15
47116.14 -91187.31
-38900.29 84229.33
37856.82 62920.91
73424.57 13191.71
95970.29 -13755.32
77186.77 49957.99
16555.53 4601.81
-47883.67 -20760.02
-63657.89 18230.86
-94180.26 -28401.59
-88249.07 -68306.63
-46438.99 -22784.39
80448.45 9110.21
-22780.96 -96208.22
46325.75 37707.46
-20052.75 8099.91
-70096.72 -89660.34
-30775.46 31015.81
-99782.80 87921.49
-43190.09 -42694.67
-26084.83 58540.88
-58957.15 99920.85
-15662.11 -67420.56
69536.98 -87021.09
17668.33 -8310.83
6292.20 30.41
42803.33 11348.32
-62580.66 -20109.97
-37426.92 -2545.79
-62021.86 -70517.81
50562.31 -9362.41
-64056.96 -26667.63
52454.30 99460.70
98228.28 17055.91
94033.70 5272.24
-68656.46 -84834.63
-1620.66 -54755.63
-57940.17 -37445.38
49111.23 12142.52
1012.40 -51934.28
-290.52 23936.98
-42851.07 4676.41
3905.85 -94163.26
79166.42 -65745.33
-9907.89 12221.38
70516.07 -71166.18
12852.56 94895.78
89260.28 11412.59
54493.50 23855.83
78237.16 86948.55
14317.02 -7788.74
2943.48 -58813.10
87004.70 -78925.59
-64264.69 -82930.62
-4405.47 -65778.26
-66.98 4645.55
-10963.83 35428.25
-16096.55 22731.43
-52797.83 10944.41
93993.45 74222.90
43649.29 41140.08
-19746.61 -99704.56
12622.40 -37487.58
37286.25 -76849.43
-55843.90 -74197.63
-45517.87 87075.70
-89835.37 77770.78
18670.85 21060.95
-96249.13 11257.31
14291.81 43886.01
-19631.55 -83383.34
31109.74 8396.47
-72179.52 -8245.57
89994.46 82702.92
95380.79 70152.68
-849.17 -57547.05
91713.06 -23010.23
25378.66 -96533.80
-44003.52 71354.65
29529.98 64330.74
-65872.82 -45611.93
-2489.94 13606.51
-2440.21 -26162.11
76257.42 48762.60
49916.90 -82002.67
-20416.78 69710.72
27682.23 27439.31
96121.87 67732.77
45990.51 -49376.84
48637.59 2805.57
26739.81 96714.90
11366.45 -76003.40
10113.85 -8662.42
-16104.42 67060.77
56370.68 -7914.41
93360.81 -7944.07
-65188.19 72255.46
1676.15 86282.73
-58298.11 -86753.37
-65585.50 -58159.69
-62805.70 66478.90
29282.60 -36609.28
-80208.17 -59410.95
-15553.75 14289.63
20416.16 53368.29
32958.53 -34862.65
-20217.20 -47235.88
95045.03 -31770.92
-66387.23 77806.10
-16048.70 -2344.35
-40484.13 97154.87
35528.18 -75627.37
4536.46 -43122.46
71917.62 47985.34
8868.00 -5098.74
-76077.03 -5013.59
42751.21 70400.05
-43648.88 -17448.81
-18170.69 23258.67
-49632.34 6688.96
-58873.84 -39008.81
-15592.75 -34363.27
77346.07 85451.96
61248.96 -939.70
39501.39 64872.48
-2553.92 89216.74
13212.97 51820.29
19462.64 -86822.53
56781.73 -3635.35
-1191.37 -9917.56
-12194.25 -64069.19
59504.66 -28111.03
46347.91 -82962.84
-38211.67 71013.48
61203.46 55471.75
15670.45 97586.53
-15443.59 34733.19
19453.66 39821.25
-29742.96 -79881.22
-82539.84 -86572.75
63232.87 -1801.23
-3075.87 33408.23
-18580.88 -12799.17
18358.08 30404.96
-75553.81 79802.58
-78103.52 3558.45
-19342.67 -69125.16
52474.91 35364.82
-50516.44 -28159.20
-19336.34 -93005.39
1531.71 81651.23
-1888.50 64000.38
93829.46 -38820.62
-25435.68 -35692.71
524.03 10495.12
-31876.65 68067.67
46084.35 -7506.55
75745.79 30682.62
-97034.72 55360.88
44035.36 67496.50
81141.57 82121.97
-18680.97 -44075.52
-36585.13 -82099.47
-75823.55 15773.87
76574.13 -97436.93
21429.16 -97912.06
-88896.77 94219.31
-34325.70 920.33
-33934.65 -78106.38
-10539.46 -65888.93
-15942.88 45934.37
-34029.48 -45424.97
14850.47 52904.27
31540.81 2152.14
-5215.05 66425.71
51586.99 48150.64
-80480.80 -56501.05
57703.39 93909.94
15906.97 -47949.05
-79805.57 -82285.34
58161.70 22915.91
18513.48 51025.17
-74126.69 49228.52
16604.39 -21801.02
46723.61 7584.79
28657.71 -84269.02
-87079.62 15676.65
14126.58 -37265.34
93568.32 -34057.67
-87056.96 -97758.74
99674.15 -92271.79
19803.20 54354.51
86627.66 43287.02
-99654.17 -28064.47
-78683.45 -14475.43
25352.79 -34998.82
96154.86 -44239.10
98197.12 -67780.47
-33010.94 -85975.90
85226.01 60723.73
30976.58 -23195.70
41285.80 -23988.98
77115.35 30144.01
-81003.61 -67858.81
-52726.53 -40062.61
29606.28 32120.57
-21417.26 44986.86
-92620.80 65696.64
-23698.32 -31519.81
-56327.00 6367.30
35229.91 -45013.89
-20508.15 83920.90
11100.50 -84169.85
-42231.05 -40909.77
-7153.79 46937.58
73539.97 -8129.78
-27886.06 59174.83
59191.22 86785.67
-94104.32 99266.82
93932.96 -7902.71
57787.35 35024.47
-74498.61 53921.86
-52563.10 5514.96
-15096.30 -88039.10
78582.35 -23292.65
-88015.68 -44447.88
-75782.93 75908.53
94027.14 -75225.88
-28513.25 -88021.50
57963.91 -17831.77
45677.29 9011.64
8602.85 40236.87
96978.51 -96849.61
-66680.16 -94694.16
28613.13 -32158.53
-86313.13 -10206.48
-68464.14 62661.63
15494.65 5734.45
-41507.13 -56538.89
42628.73 39001.78
86168.48 53757.92
-87524.30 25634.29
73943.31 43946.35
-30710.49 -78305.52
5077.25 -31032.99
-71317.96 -58016.88
-7328.97 -92243.77
-74312.65 -90339.15
28433.28 -31692.46
8381.33 30446.19
55094.72 -92080.75
19637.02 6769.54
-60600.77 -45320.93
-14792.60 17382.81
26221.99 -12919.08
-25979.40 -12099.15
57899.29 65638.72
-83455.57 -97846.54
-33187.99 43340.19
12646.42 90750.79
-7723.42 68777.61
87988.70 72731.42
61622.96 -27064.11
-22776.02 12515.09
-85140.30 62167.92
35794.66 34693.63
-24448.79 -31773.47
75802.61 63656.58
88593.09 1859.44
54156.92 26985.34
97726.95 68040.03
35092.22 87404.55
-60731.64 -94837.87
-70624.60 7423.74
29138.73 62352.53
57404.57 66330.09
41527.01 -88540.94
74396.09 -43274.04
71117.30 64388.39
67523.93 6286.74
-33312.76 -78448.03
24914.99 -28082.88
80016.79 -19383.82
75636.30 -86798.93
26580.84 82049.42
2178.49 -1705.50
67689.30 -67251.70
79516.61 59643.13
-60031.26 -66934.55
-52191.48 83694.18
-52143.47 15734.78
-17506.29 75801.95
-53263.51 -4495.82
92425.97 -70373.34
55240.12 11874.57
-86716.76 93436.75
99954.14 -61536.00
-67458.36 60918.66
97320.03 23550.24
99598.71 21569.61
-22982.71 37802.56
59128.85 -61181.85
37848.22 35725.31
69521.68 39130.94
68469.39 13661.55
6487.38 2090.34
56752.52 -25774.41
32931.77 -47535.97
26737.87 -82241.77
-28546.35 -63547.53
-17176.32 86959.42
29868.19 -15459.28
-13100.49 -69491.60
90707.47 44765.63
53586.05 42613.82
23514.15 37935.11
-92276.56 -76446.71
-42129.27 18722.12
-78989.51 14997.07
-37433.76 -94952.12
-76377.13 45020.73
12289.21 97337.24
92235.73 1080.34
-58928.86 86768.87
46779.37 -7141.31
-62166.72 -61625.45
71222.14 -93075.53
-56618.04 24711.06
13586.56 55837.19
72749.37 -74095.78
-49729.99 -71939.71
77707.51 52344.27
30692.66 22322.33
50538.78 90514.05
89591.81 49524.03
73797.33 26802.19
43304.20 83683.89
67036.06 -71736.52
18636.10 95631.96
-51373.69 15831.97
-77953.69 92206.12
-99695.72 -29709.20
-5381.66 70711.37
-71487.47 -16699.65
44557.21 -27371.25
97660.14 -22945.72
-38278.23 -50612.35
-43077.45 -58133.78
-65872.02 -68046.82
-11913.35 -90491.52
-31310.75 -1339.74
14288.63 -77125.57
-89918.90 -36093.12
-21512.80 -35913.33
23034.90 -56117.01
29482.67 -48778.91
-96785.90 2466.45
-51320.86 -50818.51
86862.04 26896.77
-27838.19 6885.90
94517.79 -56902.17
72721.47 -72114.66
52281.88 46946.26
-18978.66 -94977.53
46510.75 20880.01
63115.40 -44926.81
73685.07 23643.98
-94939.60 -67057.30
-86084.68 -88563.81
59612.84 96480.05
-20373.76 -23871.19
13286.63 -54973.19
-55967.52 3604.33
-34187.63 -66753.70
38839.23 73698.38
62856.07 35535.73
7056.17 -17963.18
-25581.70 27473.85
-87091.29 80577.72
6464.95 84498.11
-67299.56 -46573.32
-84016.93 -47343.20
-7618.33 -8880.74
-33119.67 3289.15
-28104.61 51815.75
-83850.96 77420.41
83609.91 31612.25
-90183.08 -5785.70
-49059.06 -33552.08
52850.77 -68177.50
-9627.20 -8987.64
-94062.43 -17644.40
40389.99 -50111.73
67634.37 82541.72
-82663.02 -64714.98
-11424.57 -21865.79
-77934.22 -15362.92
-95804.41 -3402.41
11667.88 -41311.00
-14154.05 85487.74
-94999.51 -86774.85
-77566.09 -17182.75
-45384.56 -69790.64
-65862.79 -16743.55
14715.53 69784.76
67764.93 -33915.60
-83345.59 4481.91
-35462.54 -23682.62
60146.25 90348.62
63129.01 -28523.89
-2232.61 -16066.01
94579.04 -61798.50
-31352.90 -75363.26
35078.89 -26286.41
88716.50 42499.15
-45251.89 48373.22
71895.60 23848.97
85525.00 1923.14
-90342.55 51146.39
-67470.05 -34951.91
-75853.23 36989.02
-22838.05 80524.07
9207.64 -18402.87
-73670.05 -31631.25
39172.06 -87496.74
-86704.81 -65869.56
-59912.41 6985.95
67430.66 58955.34
43349.94 72525.57
-38267.76 -12326.09
66712.98 -33145.78
-9784.29 3291.36
-40242.04 -96222.58
-2401.95 52525.41
-94377.81 18748.21
-90788.58 80101.64
61748.92 -7820.08
-78620.55 5213.34
-48617.64 -40173.90
96067.68 823.97
-35623.32 -82507.27
-53801.15 -62593.33
-1375.59 69261.61
-59580.42 -47528.14
-41830.10 19802.02
-57737.09 84151.36
35115.51 -4136.00
25641.80 -57369.54
32134.71 -48561.74
-23373.14 -78080.97
51285.38 -4782.30
-46171.88 14023.81
-18499.56 35911.45
92860.81 -31153.05
-11619.62 -93222.72
13898.42 40036.07
50604.86 69710.25
37899.46 16618.83
-69572.77 53736.29
2556.39 -87234.58
-77551.27 23318.35
62302.02 -23243.74
-65553.77 -52878.51
-20109.18 -8365.89
-66168.18 -75440.11
95344.48 33660.79
-11138.70 80446.67
69734.30 93273.76
-31384.27 40393.27
-72188.34 -37432.94
91812.31 12393.07
-537.10 72350.18
-38458.67 -87469.48
-76948.21 92637.79
-50917.23 -47633.74
-85258.78 -31812.72
-68838.30 47767.20
20801.66 73751.54
-94386.23 -12587.81
-98212.89 -26504.86
-47165.77 -84334.22
-1514.32 -59895.35
45083.05 -81142.19
3050.86 -80797.65
81348.09 -35757.02
-88862.36 -45431.06
-81214.27 13174.68
-78225.98 -36661.84
-62353.40 28569.67
-56210.99 -35182.72
98060.97 13946.48
76713.25 -77894.47
85236.23 -22300.55
-20886.74 -94450.95
83766.99 -89545.45
-9615.28 -12269.08
39257.29 -77899.95
8310.60 40718.41
51814.21 13278.04
-27494.62 40372.68
-25176.03 -13230.51
94663.37 -44512.05
65524.52 48438.23
94877.23 -19685.52
-68875.96 -55523.44
-63113.04 -20298.83
-56407.80 48999.45
-55218.68 81866.26
-56098.34 99073.25
-26652.81 52987.20
-63320.01 -3328.28
-8981.60 -98160.20
81329.44 -89415.58
18409.69 26181.67
-63808.42 45843.02
53.50 -36838.05
6908.44 -38212.21
28632.72 34567.75
-84480.43 -51397.89
-707.83 78133.34
47918.10 -19744.73
-40790.25 75512.02
87075.73 -8304.57
336.01 -23963.97
9070.45 -49665.62
-9986.31 76389.76
47668.38 -45005.52
67135.90 56238.89
-61593.93 76306.28
75789.89 -51735.13
-19700.68 -94067.06
-57718.51 644.50
-73898.09 90964.82
6490.28 -13390.28
-17789.39 55505.59
-70764.41 48267.00
-3256.06 -56881.14
-48563.50 -97579.21
-2980.58 18803.83
69142.73 -40074.49
41750.48 43027.79
4944.90 -54594.06
43036.80 46695.53
47911.51 82483.04
-68985.25 -3461.88
-48757.95 15489.77
50374.21 -74860.41
-77409.90 59756.07
41468.11 -83303.25
-77055.87 -50296.24
46199.35 74758.64
65625.46 31165.45
45148.13 -34125.59
40069.47 -81402.04
60510.64 -74324.13
91416.32 9394.44
-89511.36 -48059.55
85498.31 69631.76
-35942.37 91254.91
-48359.22 -65234.90
87931.61 -21211.85
-2010.36 14571.10
95542.27 19264.62
64159.62 66739.43
-25406.66 -65482.63
45309.80 73740.16
-13006.12 60123.09
74866.45 91897.26
-17399.24 -10160.77
-22276.69 -37954.29
-45781.49 59258.51
42676.63 2937.80
71845.75 74775.39
56041.33 30012.63
-16518.92 54256.79
84916.60 34697.37
50289.00 -96517.82
-1381.34 57639.41
16086.57 37349.08
23696.23 -69128.88
93576.94 -74962.20
-1864.45 -60297.12
9284.30 29924.91
-66583.50 -40928.31
-9381.31 -7711.59
21695.68 -1788.49
34927.30 -91860.39
-94614.42 -7946.78
-17097.42 -38642.95
26717.18 -88972.84
-33423.63 -82682.61
17586.45 29374.40
-67285.56 61176.75
-99711.18 -44754.74
1246.28 17734.25
25959.62 -53530.44
-70947.03 -94582.57
61108.83 29743.98
-36250.40 -84502.12
78134.74 27042.07
-80079.87 58433.56
-49181.04 -56617.13
49601.19 49624.36
0
